initial distance final distance
16.2668        14.2107
16.7334         2829.6
10.6056         3.7962
17.3752        46.2926
12.9041        3.81974
8.47018        3.67235
10.2027         24.115
9.43855        17.9552
19.8164         4.4596
19.8726        12.0923
14.9062        10.5049
11.2962        32.5907
9.43124        994.172
15.6428         74.992
16.4149        119.674
16.8379        98.3631
12.6667        19.7358
14.9886         7.4275
17.4238        37.4416
13.2008        10.3619
19.8986         6.4232
18.1615        5.88943
19.1495        3.85815
17.7862        3.76322
14.0219          5.809
19.4579        3.90841
14.3376        6.34161
19.5042        1.65382
14.4943        172.869
8.65879        313.827
15.2785        4.72819
16.6257        5.76256
15.9823        7.29831
11.3115        9.23044
19.3217        1.66169
19.5938        4.23059
8.93534        9.38578
18.3662        7.42515
10.5269        21.0455
14.4003        125.512
5.38333        4.44598
17.8178        16.8539
12.5266        280.124
13.8844        2.54538
18.1225        5.72643
14.9242         3.4528
15.4383        156.228
9.77366        12.7085
15.5225        64.6372
7.69876        320.309
14.2223        2.80361
17.6668        8369.76
19.6736        5.88121
11.4652        32.0137
10.1737        1172.83
17.2361        4.18973
17.9715        14.0997
11.9194        6.92096
10.7912        11.4026
17.5964        54.8264
7.57882        13.6718
13.4949         25.482
15.4256        4.21295
17.648        2000.12
16.0309        4.46549
8.27278        14.7144
9.64153        4.11541
18.0643        6.64551
16.0337        71.3772
16.6334        6.79543
11.9165        4.37058
9.98706        3.30359
16.9319        5.06548
8.40963        3.78218
15.7574        94.2882
18.6501        50.1185
19.5303        5.16799
8.17166        5.70841
11.1906        4.30213
13.1204        3.05164
17.2841        7443.94
19.6515        5.02307
11.6732        3.18153
13.197        1.71636
17.4938         3.5667
19.614        24.6509
13.657        269.563
14.9559        9.39904
16.8534        13.5937
16.6525        3.18712
13.0625        2.79068
3.9002          8.911
10.0848        2.56919
14.3818        6.22247
16.7366        10.4099
13.4989        9.06361
18.7968        97.7735
19.9813        5.37492
19.9851        4.77135
15.0016        4.57299
