initial distance final distance
9.22454        200.007
19.8526         4.8122
18.3737         525.35
15.2541        1.51313
13.8802        1.53772
17.7782        2.25065
16.4013       0.715948
15.758        2.47264
9.43581         200.44
16.2502         192.18
8.60417        43.2397
19.9047        1.14399
15.677        451.882
15.9475        1.63092
15.8051        4.63609
17.4018         2.1387
13.4253        3.76811
12.2504        1.19396
18.5587        10.7965
18.5797        2.71689
19.235        204.428
17.7377        1.64562
12.1503        2.96902
19.6802        3.64016
15.1       0.870595
8.80712        1.83649
9.11615       0.528081
14.5398         1.1972
14.3594        1.76519
13.2783        2.14321
18.7814       0.930894
14.4375        2.93443
17.3862        3.84631
15.212         2.4687
10.4193       0.942248
18.1034        549.835
11.3955        421.969
6.85088        2.14842
8.04289        1.32164
16.608        2.00578
13.052        2.13404
7.88638        8.57632
19.0001        39.1277
17.5481        3.17189
16.4616        536.847
16.8829        3.25197
14.8971        3.08878
17.4525        198.985
6.89396        3.28156
14.6597        3.02581
12.7703        2.05393
11.3458        1.35351
18.6398        3.05714
19.0168        539.234
18.0688        1.93383
12.0284        1.17632
9.11224        2.35063
19.5219        2.29007
15.2984        370.868
19.8842        1.93169
9.92879        379.024
14.1344         1165.6
16.6917        3.50604
13.8344        1.61638
16.5107        1024.54
17.8119        496.832
11.7267        911.842
11.0936         1.1107
19.483        3.37129
18.826        162.822
8.83744        1.41228
18.961        2.31546
18.1163         4.3704
19.4851        33.3633
12.0838        1.56851
19.9582       0.836824
19.3267        209.468
19.6802        1.07734
16.2236        4.44441
17.8944        327.551
19.5454         3.0601
17.7413       0.826933
19.8239        4.06538
18.2031         659.27
17.2185        260.338
8.05796        34.9333
16.0153       0.535596
14.8769        3.59147
19.1491        1.07878
19.4626        1.71207
11.3363        1.67913
18.838        5.06396
19.0954        1.63421
11.0338        2.26877
17.8949        2.05423
16.5732        394.129
18.8949        2.06101
12.9114        915.173
19.4763        2.64541
19.0008        3.37354
