initial distance final distance
7.30402        2071.14
14.6937        253.611
19.2233        10.5538
10.9895         173.88
18.3004        5.63857
17.8091        10.5921
18.1128        401.183
9.97726        225.157
17.8895        316.567
17.9015         29.671
19.9127        326.801
12.3611         631.04
18.7096        145.016
18.6518        6.95653
19.3404        185.417
17.889        151.236
9.57275        173.687
17.8467        283.124
18.6135        92.9817
15.8279        628.351
18.2575        181.117
15.3081        88.8293
19.9335         10.395
19.7586        5.95675
13.9867        112.189
19.7051         97.797
19.8805        61.2439
7.52315        69.5055
16.2622        135.356
14.3051        167.712
16.1948        9.83905
5.87604        127.014
6.52718        13.9942
17.0174        1196.53
13.7074        8.19315
18.5768        470.662
18.6164         51.227
15.4553        768.864
19.1814        33.2466
11.1279        18.6975
15.9205        25.3409
15.6071        145.527
17.2547        350.964
18.0939        7.46307
11.3508        10.0711
10.3453         201.23
17.1049        24.9273
19.5396        161.423
8.26325        18.2448
16.9845        125.158
18.0421        33.8656
19.5102        186.181
16.9735        53.3259
13.1778        284.525
9.19094        1879.22
18.9454        32.9661
15.761        12.7174
17.6882        227.109
15.37        145.775
7.56605        12.0642
19.0323        3055.48
19.2033           59.4
6.77727        39.8382
19.1043        7.92856
16.0042        40.7435
19.1714        2753.95
19.5697         70.137
17.2163        982.374
10.6417         158.64
12.4014         5.6624
14.45        111.934
14.2114        6.25356
16.5814        312.081
14.6567        525.426
19.575        425.729
18.9771        54.7136
19.2154        11.6958
18.7638        110.153
9.96662        293.446
17.9632        637.718
16.6748        222.406
17.4016        54.0313
13.3137        78.7624
19.8815        49.6632
16.3146        42.4385
18.451        21.0383
14.7885        10.9818
17.7144        399.403
19.1666        130.553
9.64415        17.0249
16.1009        9.06458
15.6518        62.8447
17.3309        667.062
5.21527        17.6701
16.9605        9.60851
11.6089        99.3096
13.238        102.057
17.0118        39.8348
16.0763        21.1595
17.5877        130.704
