initial distance final distance
17.9463        10.8084
14.7287        4.49082
17.3051        7.37485
16.178        5.91653
14.8252        6.73755
19.9449        5.66074
12.3317        9.55464
19.5584        32.8975
15.0056        7.94329
16.082        9.39643
15.6071        2.89287
13.8263        43.9256
18.5305        6.09532
18.33        14.8675
11.4696        9.75704
9.28252        4.58371
16.2865        71.1385
18.8581        6.72301
17.7172         39.633
18.7119        21.4366
15.8622        18.3362
15.8044        110.227
17.8923        55.0564
9.57719        4.90496
18.7326        10.5803
14.6888        4.76137
5.03239        30.3096
14.8315        11.2259
19.4607        10.8312
14.7564        12.7265
19.1978        21.4238
9.39542         29.493
12.6423        8.92233
17.4137        10.4456
7.25488        46.3049
6.31399        2.09759
18.2306        8.13885
18.0443        18.0932
9.49937        20.1036
18.343        12.8728
13.6587        6.78456
15.3831        12.3473
9.14933        28.3914
18.0561        27.1834
8.16556        22.3978
18        53.4417
12.5706        16.4504
15.9411        10.0326
19.2568         3.1792
5.71118        21.1071
16.6595        10.0305
14.651         13.107
19.8607        15.9526
18.0974        9.25431
14.1365         36.963
17.6056        57.7382
18.1467        8.81639
11.845        35.4154
8.17897          9.387
16.3033        19.0083
3.63053        255.024
15.7682         9.1943
3.09134        19.6534
7.62249        217.035
17.6697         11.428
18.256        7.89257
19.763         10.246
14.1059        1.76874
2.50003        129.568
15.1175        6.73564
13.3795        32.3224
13.2852        33.1136
13.7626        5.82078
18.3853        9.81027
18.4256        17.6281
17.8493        9.58574
18.0376        69.4336
12.6534        5.34512
15.4621        6.64448
17.0988        9.13346
15.274        51.4029
12.6514        196.781
8.20564        16.5248
15.2966        12.8489
8.58434        19.7233
15.8083        93.5134
8.11891        3.67004
17.0567        6.31676
6.46742         11.949
18.3401        48.4891
19.6848        13.8325
17.4305        6.95087
18.9678        10.0155
13.2677        6.88979
19.2927        8.42731
9.00011        4.42536
19.3756        11.4766
13.4793        19.6342
13.5061        191.924
11.621        30.7444
