dt: 0.0001
initial distance final distance
11.8095        18.2729
18.9368        29.3237
12.0961        17.2853
19.3106        34.6004
16.3119        24.7701
16.0112        25.7451
14.5036        22.5861
18.8689        29.7437
19.7267        28.7228
16.5586        25.7197
17.4999         26.488
13.3403        22.2333
14.3767        23.9847
14.643        26.0204
14.1503         22.321
8.984        13.1073
10.3071        18.2088
17.8714        26.8106
13.5266        24.0085
16.1569        28.3057
12.1904         21.656
17.7115        26.1244
17.1341        28.4089
16.3595        25.3082
13.8199        25.5144
17.4642        28.0422
9.13472        14.0023
17.0533        27.1847
19.107        28.6663
13.8259        21.3268
18.0343        28.0521
15.5817        20.4031
14.7877        22.0107
18.5087        26.9741
10.8191        15.4014
12.6894        19.6562
14.0128        21.9971
12.6463        21.9182
19.6366        29.0994
12.1817        20.8996
16.1469        24.3132
17.8613        25.1295
18.0698        28.5514
16.4772        25.6586
16.2861        25.5217
16.1898        28.4626
13.3128        21.6534
14.3055         23.753
13.6176        21.1185
11.3102         15.241
12.4141        23.6688
16.0792         25.023
19.5486         32.785
7.21445        11.7278
17.5288        28.8831
14.5298         22.146
9.94198        16.1422
16.9003        30.7038
14.9802        24.6165
6.28322        9.18659
14.922        24.3683
18.7601        29.7378
8.97189        13.6785
7.64344        11.8113
15.1075        19.9735
11.0903        18.7021
17.7323        28.5825
16.4993        27.5454
12.691        19.8421
19.8452        28.0783
6.87162          14.65
15.0689        27.2207
14.5329        24.3184
17.0586        26.6951
16.6645        27.7793
15.2792        25.4437
11.618        16.9396
13.0223        18.0468
0.625006        0.77179
14.9351        21.6947
15.1774        23.3005
17.1072        28.5025
12.1729        18.9857
18.5973        27.7489
17.4509        27.4349
14.2114        23.6699
7.23783        12.7473
6.96849        11.9718
10.3125        19.0977
18.6034        28.2209
10.2253        17.6512
8.73625        15.1147
9.67381        13.6069
16.3601        25.7587
16.9627        25.2245
13.1534        20.4547
5.63276        6.83048
14.207        28.3364
19.6085        27.8798
12.2025        16.9991
