initial distance final distance
18.3338        18.1737
13.5749        13.4394
15.1785        15.0352
17.262        16.9708
16.8697        16.6627
10.8916        10.7614
18.5577        18.4078
18.4615        18.3044
16.3116        16.1571
19.3195        19.1156
19.2282        19.0435
16.7722        16.4981
18.4732        18.2575
17.3868        17.2063
16.3561        16.1725
11.7296        11.6388
5.21527        5.04013
15.7564        15.6169
15.8525         15.705
19.3709        19.1851
15.0041        14.8676
3.93204        3.74762
14.6449        14.5305
8.91081        8.84827
16.3122        16.0699
18.4591        18.1537
13.1407        13.0336
16.0033        15.8432
18.3925        18.2202
18.4989        18.3511
17.1091        16.9206
15.4263          15.35
19.3208        19.1703
16.3843        16.1938
14.6922        14.5498
16.9893        16.8334
15.1303        14.9235
12.9373         12.854
15.0449        17.2797
11.9979        11.9081
11.7762        11.6659
17.2448        17.1186
16.2631        16.1058
15.169        15.4757
19.7905        19.5696
16.0226        15.9644
16.7638        16.5971
15.1022        14.8698
14.6915        14.6007
11.8774        11.7818
2.50003        2.35654
7.89814        7.81606
13.2861         13.199
17.2538        17.1097
19.2176         19.061
18.1249        17.9689
14.705        14.5894
2.23943        2.11917
14.0323         14.288
14.5721        14.4109
16.7702         16.541
11.6492        11.5274
7.20349        7.19078
19.2835        19.0632
19.032        18.8527
18.5172        18.3569
17.5719        17.4047
12.0368         11.879
19.2526        19.0519
17.2642        17.0816
14.1487        14.0045
14.4348        14.3068
16.5343        16.3702
19.6739        19.5101
16.7086        16.5585
15.7097        15.4733
13.1445        13.1549
19.8747        19.7038
19.2106        19.0544
11.697        11.6798
14.9395        14.6319
9.70761        9.62512
17.3948         17.213
16.6698        16.5206
17.9445        17.7938
15.881        15.5654
14.3095        14.1908
18.6838        18.4359
9.17454        9.12619
1.69653        1.70657
17.6197        17.5441
18.7303        18.5978
15.736        15.5928
17.3016        17.1385
17.2724        17.1332
10.0074        9.81916
13.6176        13.5257
14.0252        13.9034
14.9533        14.8075
7.348        7.28491
