initial distance final distance
11.3986        19.0868
4.80716        7.70093
14.9752       0.990999
19.4658        84.9791
15.6195        15.1609
18.4825        249.944
18.3768        211.543
8.25729         523.48
7.87065        49.0918
19.922        5.19596
14.1815        3.69887
12.7076        5.27486
15.5649        8.16377
19.8098        3.95794
10.4283        73.7548
13.7078        1.94746
17.016        207.622
17.9261        4.09611
15.6866        113.551
19.4366        3.14205
19.8191        5.99147
11.9883        99.0306
19.5424        5.19627
17.4858        2.21595
13.4438       0.848671
18.9297        211.381
14.6971        124.421
18.8992        2.24481
16.8554        25.5902
15.2296        99.1576
16.4589        118.158
14.5855        3.25321
15.6803        3.85155
19.9519        2.57449
7.74652        2.77711
17.2443        1.03458
18.4756        3.80704
17.8905        1.40939
14.8074        2.18447
16.9216        4.52613
16.2094        14.3993
15.7475        3.34146
7.90466        36.6782
9.16389        3.37039
19.9308        21.9969
13.2491        3.92812
17.6869        16.1772
17.0267        91.8584
9.51198        5.98025
18.0523       0.897984
6.97184        3.77372
13.5828        2.12723
19.7672        15.0548
12.9925        4.23128
14.9176        5.15559
18.8499        2.37154
15.8929        4.23824
11.3817        4.86175
11.7166        6.40562
15.6021        107.683
12.2167        62.0227
19.4652        228.648
15.3652        74.0087
14.4258         5.2526
10.5562        106.264
19.5832        12.4806
19.7154        5.36937
12.2303        25.8755
16.8385        3.61606
16.4445        4.75425
18.3819        1.40909
12.3173        5.07471
12.3307        2.03281
19.9129        2.46146
18.0007        2.91379
17.7602        103.908
19.1894        8.77946
9.49124         522.28
18.4496        113.224
10.1807        68.8516
15.4355        1.85168
7.69601        41.3288
18.7908        1.92964
10.0928        3.72489
17.7442        43.4141
13.1294         2.6291
18.3865        31.4611
19.7062        3.31928
19.2752         345.15
9.19672        62.3319
15.8687        4.19467
10.0856        34.8543
14.5713        25.9596
14.2496        4.33477
16.2517        3.73716
18.8316        27.8363
19.8994        4.08177
14.5101        135.838
7.756        5.84984
16.6446        98.9019
