dt: 0.002
initial distance final distance
0.520327        45.5745
1.68207        81.3724
0.826445        105.338
0.868476        37.7751
1.50718        801.631
1.5402        101.649
1.83713        403.999
1.56634        263.249
1.98695        187.763
1.74332        512.117
1.01144        35.6253
1.81529        53.8229
1.63995        23.7074
1.83234         110.91
1.98609        97.7432
1.38268        790.752
1.98549        141.939
1.62335        37.6341
1.93702        33.2819
1.80962         112.53
1.62267        386.026
1.33508        97.2021
1.69644         107.56
1.73455        54.6426
1.97938        372.848
1.93378        85.3515
1.52169        244.348
0.901415        77.8324
1.98258        166.984
1.4806        857.736
1.25297        114.548
1.1561        274.534
1.46983        135.455
1.24609        70.9391
0.792415        52.6784
1.5759        161.395
0.821409        173.228
1.00366        276.649
1.83643        577.549
1.16964        29.7307
1.66404        112.364
1.42227        105.863
1.38612        2618.42
1.58298        216.103
1.86984        215.648
1.84285        8124.81
1.70871        146.598
1.16492        96.8286
1.78003        36.2097
0.898804        188.764
1.66504        44.5452
1.92136        294.017
1.88623         399.42
1.80288        7924.53
1.70455        389.625
1.92403        110.676
1.59016        77.7856
0.928724        33.2254
0.747249        32.8368
0.971279        72.5405
1.87825         65.137
1.24881        83.4315
1.54594          121.9
1.14924         165.14
1.55407        148.727
1.86991        61.3209
1.81088        557.335
1.9313        424.794
1.71138        43.9289
1.5713        85.8048
1.88357         37.818
1.43182        96.8497
1.83609        77.9878
1.5822        125.466
1.83739        132.232
1.96437        130.823
1.94592        34.8112
1.73374        437.185
1.02695         287.38
1.38187        791.589
1.82967        86.7514
1.46559        234.109
1.5512        149.796
1.84213        212.753
1.65797        215.315
1.18474        196.705
1.87657        238.991
0.589484        73.9703
0.961607        94.5654
0.889232        13.8508
1.99076        173.009
1.78842        64.4055
1.63883         46.335
1.27828        85.8461
1.49726        1933.67
1.97834        41.2504
1.64402        272.488
1.93307         298.41
1.73476        362.447
1.95805        41.3423
