dt: 0.003
initial distance final distance
15.6972        59.9692
14.355        39.3761
19.2614        73.9274
19.2517        69.9257
19.6023         75.648
12.93        50.8261
19.2436        78.7841
18.0551        71.7129
17.3086        69.8816
14.3956        67.0597
15.5215         48.171
18.371        70.9465
10.0487        45.4652
19.4374        74.9286
17.4123        69.4504
15.6597        73.0328
18.3814        61.6516
9.06296        40.8916
9.30419        32.2446
14.4896         61.071
14.5671        64.1378
18.0887        66.7504
8.23695        25.2747
13.3192        63.3724
6.23754        28.4408
19.1847        65.3502
14.0339        55.6622
19.9839        65.9774
13.4334        41.2995
19.4731        65.4854
8.30594        24.4124
14.7317        54.5468
14.4042        51.6899
18.9047        75.4964
14.2648        60.3361
19.0325        69.8118
18.7284        73.3316
12.9339        46.4111
19.0446        81.8926
17.8556        69.0216
17.9476        75.2449
17.9185        72.6061
19.8718        69.3368
16.5888         70.752
19.739        65.6935
19.3115         83.563
4.53495        18.3794
16.6911        66.3987
12.1586        49.7838
14.6839        67.7041
19.1544        90.1331
10.0728        39.7711
17.4174        72.3733
16.5794        60.2641
17.7346        66.7652
10.5151        32.1071
17.412        65.6505
7.34498        36.7885
19.264        72.5237
16.9681        65.5864
18.0598        63.6069
17.0963         63.534
8.83952        38.4057
13.5047        53.1239
19.7882        71.0499
19.3322         77.885
15.4102        65.7511
15.4801        66.6309
19.8481        70.3197
16.6178        65.5297
18.7731        69.6751
14.0339        59.0449
19.3367        71.7393
16.9918        56.2528
10.6839        31.4362
14.9293        40.0002
14.2013        62.3361
13.1947        58.9333
17.4981        67.7616
10.3354         34.783
18.6316        68.1315
13.1256        46.1541
14.6896        61.4559
5.7875        21.7616
14.4609        50.2867
18.7344        76.8081
11.9582        35.7021
5.75329        16.8481
16.0622        61.4984
9.18323         44.412
12.6004        51.0752
18.8801        69.2881
16.1597        71.9523
19.0923        66.9377
18.3971        67.6727
13.0915        49.8486
14.5779        46.2411
16.7302        61.0329
14.1279        57.5911
11.8532        52.1751
