dt: 0.001
initial distance final distance
7.5289         11.136
10.5423        13.5717
12.7413          22.15
7.53894        14.0466
14.4109        21.9963
17.6457        25.5121
19.8133        28.3685
12.7713         19.563
15.7133        24.2731
11.6732        20.0102
18.0777        29.5092
19.3106        31.7058
11.2049        17.3376
12.6489        20.8234
15.2039        22.8531
7.41521        14.5877
17.9114        28.6827
16.5223        27.2423
7.5518        5.56131
14.5105        18.4516
18.1316        26.2359
19.032        27.5116
12.6621        17.7926
17.7292         27.027
17.5809        23.7993
19.6321        27.5906
9.11713        17.9385
19.2649        28.8051
19.5202        27.2654
4.6582        9.82149
12.9581        21.5576
17.6509        26.3577
16.6243        24.2027
18.9723        27.4501
19.3774         28.435
19.5249        29.3195
18.1457         26.013
5.0033        7.49458
14.1018        24.8709
19.2042        28.8884
15.3133        22.6888
16.0653        22.1397
19.4493        27.4741
13.1806        18.7242
3.04816        5.91804
12.0966        20.5546
9.95596        14.5083
16.2425        22.8115
19.0997        31.3001
15.1672        23.6301
12.7603        22.6174
19.1604        27.7079
7.02501        12.2916
19.1371        28.9586
19.3407        28.4919
19.337        29.2413
18.0875        24.2977
16.2536        22.6693
12.4662        18.3318
11.7012        18.4187
17.0267        24.6194
16.8991        24.3501
17.8783        22.6865
16.2579         22.151
12.0548        18.4428
19.8373         29.167
19.641        29.4903
14.5779        22.3949
19.1568         28.538
15.9599        23.7086
15.141        23.1654
10.6639        16.7414
18.5371        27.0421
16.4182        23.7776
19.572        29.9767
19.4834        29.1915
15.9519        24.8215
19.3706        27.6452
8.6261        14.4712
10.4656        17.0155
15.5012        23.1141
18.2203        28.2652
9.19865        13.3264
19.7757        28.9051
19.6766        27.9524
17.6744        25.7819
11.8867        20.0963
17.9708        26.9756
6.66008        12.6941
15.0546        26.1862
16.8677        25.4874
13.2161        22.4705
18.6013        28.3132
13.1961        16.7832
15.2803         19.748
17.6733        26.2757
16.5749        22.8831
7.59155        15.4628
19.9617        28.4459
19.0082         27.281
