dt: 0.002
initial distance final distance
1.56836        171.295
1.64493        192.597
1.75518         412.88
1.93836        1081.77
1.70194        144.115
1.64526         440.04
0.764484        80.1624
1.92568        232.634
1.86056         42.931
1.26121        19.4898
1.72443        43.8422
1.35172        785.392
1.49417        661.794
1.86222         106.56
1.49        24.6296
1.79894        25.9678
1.0676        375.866
1.11351        86.7332
1.35603        583.514
1.9743        199.838
1.74158        86.3637
1.61075        68.9637
1.75566        903.417
1.01972        44.7837
1.47669        28.9175
0.987567        383.189
1.75561        106.041
1.3607        21.0219
1.89501        2081.02
0.760283        63.5561
0.762529        26.2439
1.56899        103.568
1.7041        171.785
1.87249        77.9699
0.717515        1071.29
1.97988        117.587
1.70446        99.8594
1.19809        1256.93
1.85129        26.3725
1.10578        21.8241
1.88625        406.029
1.60577        50.0077
1.01144        23.6124
1.76153        218.459
1.87839        34.7387
1.50012          482.5
0.740038        118.462
1.73693         304.35
1.58334        76.4819
1.76545         24.251
1.80123        96.3662
1.57104        101.341
1.34568        108.033
1.98817        132.293
1.49733        133.976
1.74279        65.5443
1.54417        25.1178
1.91695        214.759
0.842227        24.0384
1.94898        110.386
1.15201        27.2165
1.57845        2006.55
0.776411        907.206
1.56081        80.9044
1.78098        23.9812
1.76043        102.845
1.82262        42.7191
1.53039        26.3516
1.95219        862.461
1.42516        57.5965
1.53776         299.47
1.45043         211.09
1.69321        2132.69
1.86096        572.142
1.3618         58.947
1.91885        57.6799
1.90722        23.0141
1.55934        85.8291
1.86471        141.334
1.21343        1009.58
1.89553        23.4434
1.34882        247.272
1.51346        218.295
0.824534        21.5419
1.56935        128.062
1.96968        187.322
0.765735        108.063
0.88155         60.387
1.99187        1038.31
1.94693        2301.36
1.82453        103.525
1.68997        105.114
1.2567        32.0646
0.865988        25.3674
1.57173        24.3532
0.936861        28.3505
1.6787        352.702
1.62511        49.1953
1.42183        26.0952
1.77862        107.206
