initial distance final distance
19.5701        19.4033
17.9569        17.8361
18.8293        18.6852
8.13247        7.75447
10.2463        10.3468
12.2542        12.1236
13.6048        13.4466
17.8776        17.7308
18.7101        18.5399
12.3424        12.2333
12.6768        12.5525
17.9944        17.8077
16.3006        16.1159
6.60644         6.5647
18.8796        18.7057
18.5501        18.3718
12.9606        12.8434
5.07383        5.02535
5.98707        5.81855
17.0958         16.975
12.8929        12.7523
13.2894        13.1554
17.3246        17.1638
18.53        18.3498
10.7512        10.6058
17.046        16.8381
18.1926        18.0432
13.7956         13.716
18.7194        18.5324
15.8855        15.7281
19.5868        19.3994
9.60462        9.54131
11.6041        11.4759
4.66942        4.60388
9.87234        9.77639
19.6589        19.4867
16.3555        16.1831
12.7987        12.6412
15.7031        15.5516
15.332        14.9708
14.0033        13.8393
19.914        19.7208
6.90592        6.82761
15.2844        15.0471
13.527        13.4682
12.5577        12.4926
16.7279        16.7166
11.5738        11.4506
18.2122        17.9851
17.5869        17.4355
14.8795        14.6563
7.64066        7.47064
18.3515        18.1868
13.1951        13.0735
17.268         17.073
19.2297         18.994
14.6983        14.5294
12.2357        12.1405
15.8764          15.68
18.9802        18.8119
13.7307        13.3012
16.7148        16.5991
14.2303        14.1279
19.1231        18.9696
13.0141         13.219
16.381        16.3001
19.7167        19.5258
15.2387        15.1294
17.0093        16.8185
7.51307        7.42147
16.4763        16.3565
5.79236        5.87429
13.2953        13.3057
12.3669        12.1778
15.4054        15.2501
18.1637        17.8911
18.0326        17.7891
18.4784        18.2232
17.2116        17.0361
17.0673        16.8958
18.0173        17.8176
16.7945        16.5999
19.6654         19.476
19.7988        19.6235
19.9269        19.7371
17.3433        17.2102
17.2284        17.0817
14.1079        13.9411
14.0813        13.7775
18.3968        18.1946
16.4958        16.3184
17.091        16.8998
13.9537        13.8306
19.9138         19.658
19.6963         19.565
15.0132        14.9002
9.90811        9.77285
9.07286        8.96438
8.98804         8.9467
18.06        17.8988
