dt: 0.01
initial distance final distance
10.6042        19.5357
15.6647        28.6371
19.0677        28.6302
10.2548        19.4871
13.1605        31.8857
19.697        34.1857
7.35552        22.4801
4.63937         8.8162
14.8603        25.5155
17.8385        27.0472
10.072         16.161
10.8723        21.1298
17.4182        27.7802
17.8301        27.8298
16.8877        26.2592
15.2317        27.6419
13.6822        26.0137
14.3182        25.5942
14.6019        21.3577
16.2895        28.3392
18.8949        29.7305
16.8431        28.5031
17.2667        27.4161
14.278        21.1966
10.8184        24.8794
11.9194        20.9833
6.57835        9.55456
10.7744        20.5316
17.9675         26.958
5.50685        16.9729
11.7797        20.3215
19.442        29.1333
13.5563         20.015
15.5961        29.2839
16.8806        28.2853
12.2346        24.1649
19.7307        29.8615
11.3798        20.5778
15.2897        25.5882
7.73566          16.65
9.69204         20.599
11.2988        19.3819
5.04202        8.20257
17.5108        26.9583
14.3146        25.5322
12.3248        24.0857
19.8233        30.1505
11.9571        20.4609
18.6585        27.2129
9.30513         17.468
19.8421        28.9691
8.22734        13.7434
15.3748        24.6531
5.50416        13.3091
12.7962        23.8018
16.7844        25.6782
17.3644        26.5699
13.7506        19.8736
15.2355        25.3137
13.2362        22.9502
8.49845        18.9932
15.7212        25.2257
12.0944        19.6809
8.83118         16.129
9.48673        21.5653
15.4492        28.6863
12.6995        19.4852
17.8155        27.0866
11.8636        20.8305
17.5158        26.1267
19.1468        29.3454
18.7876        25.8691
11.5189        21.2553
15.4253        23.9066
19.2504        27.4937
7.83899        15.7207
18.9358        29.9272
14.2408        24.2656
11.3242        18.5694
14.1165        21.6618
19.6701        28.1385
7.84296        10.3615
13.7307        23.8334
19.5588        29.0723
7.16089        15.1916
13.9063         26.178
19.6131        29.6892
14.502        25.2226
6.99021        12.3479
19.1168        28.8584
5.70369        12.9371
19.0767        28.3457
7.50586         15.584
12.8816        22.1381
19.2273        28.3892
12.7267        23.0763
15.2914        26.5438
8.2561        15.5878
8.63703        13.2832
8.43716        13.2152
