initial distance final distance
16.0118        15.9459
8.43258        8.39944
13.6198        13.5028
19.9365        19.7787
17.9147        17.7671
10.4626        10.3845
16.076        15.8908
15.9151        15.8057
16.4457        16.2724
14.9701        14.8687
12.0799        11.9792
19.4988        19.3307
17.2281        17.0506
16.923        16.7763
13.3677        13.3188
13.6474        13.3206
19.8757        19.7235
16.7858        16.6635
17.3655        17.1819
17.7343        17.5622
15.9641         15.793
11.8838        11.7604
18.852        18.6966
17.9311        17.7518
19.8706        19.7094
19.8599        19.6866
12.6484        12.4678
17.684        17.5351
18.4968        18.2739
10.8565        10.7569
17.4996        17.3121
15.9109        15.8092
16.9644        16.7452
19.8809        19.7329
12.509        12.3414
16.9822        16.8347
14.0327        13.9203
14.4943        14.3866
18.4259        18.3479
17.062         16.917
14.5105        14.5922
8.76283        8.72142
15.3275        15.2235
16.706        16.5576
16.6563        16.4793
14.7624        14.6817
17.5084        19.3581
16.9523         16.819
19.8487        19.6893
16.4095        124.673
14.7545        14.6768
19.1366        18.9783
17.9071        17.7476
19.1121        18.9432
16.1659        15.9402
17.1333        16.8015
8.91286         8.8419
18.2699        18.0841
16.7673         71.138
12.9275        12.8152
12.1238        12.2762
17.7136        16.7875
16.3686         16.237
10.2206        10.2495
14.5059        14.3976
10.5503        10.5871
18.8182         18.547
6.17414        6.12425
13.4406        13.3466
18.4684        18.2333
14.2596        14.1421
10.9108        10.8489
16.7508        16.7368
18.3319        18.1596
18.3922        18.2408
15.9765        15.7276
16.6531        16.4879
15.577        15.4067
16.8428        16.5586
12.7317        12.6181
17.8992        17.7329
16.1547         16.203
16.0283        15.8373
14.5966        14.4502
18.9088        18.7377
15.7288        15.5123
16.4646        16.2555
4.22086        4.19198
14.7253        14.6101
19.7805        19.5715
13.7922        13.8095
16.0977        16.0078
19.9596        19.7324
17.0278        16.8798
6.67473        6.65881
12.0777        11.9952
14.0702         14.043
18.1329        17.9756
16.5325        16.3109
14.9853        14.8323
