initial distance final distance
19.7417        23.1455
19.871        19.7327
17.3525        17.1618
18.6084        18.4385
14.9991        14.8534
17.7444        17.5912
19.6877        19.5455
13.2491        13.1329
14.6491        14.5305
19.4714        19.2839
17.4754        17.3398
9.60903        6.97071
18.2308        18.0964
16.5646        16.4469
19.1106        18.9662
19.8877        19.6617
12.1016        12.0037
9.1318        9.06108
11.0485        10.9319
12.1701        12.4374
17.0396        16.9069
15.6461        15.6362
11.1233        11.1513
15.0132        14.8678
15.881        15.7471
13.6504        13.5605
10.978        10.9196
6.69658        6.69202
14.3368        14.2071
18.6267        18.4189
15.7747        15.5939
19.4611        19.3214
14.432        14.3106
18.4958        18.2957
18.4107        18.2668
11.8878         11.824
19.0163        18.8138
16.9415        16.8035
17.0379        16.8868
16.4958        16.3125
16.2261        16.0911
19.7645        19.5975
18.0125        17.8697
11.8136        11.7123
17.7159        17.5637
16.2837        16.1487
13.2315        13.1287
18.4629        18.2837
13.0596        12.6757
16.2723        16.1773
15.1601        15.0065
15.2387        15.0981
9.72657        9.67856
19.5339        19.3508
16.8912        16.7749
9.83125         9.8055
12.2014        12.1923
16.6592        16.5393
18.1316         17.954
16.5438        16.3551
15.9682        15.8282
19.747        18.9538
7.84693        7.79894
19.9613        27.7593
17.2105        17.0717
18.2833        18.1312
13.3293        13.2568
18.9981        19.6716
16.4055        18.1347
19.8005        19.6609
12.4478        12.1803
18.0135        17.8224
14.158        14.1012
18.2755        18.1228
15.7917        14.3001
18.2206        18.0591
19.7743        19.5832
19.211        19.0427
8.92105        16.9635
17.0245        16.8807
14.5901        14.4772
17.9493        17.8145
9.59579        9.50424
16.0419        15.9902
19.378        19.2278
18.5096        18.2466
18.8146        18.6922
10.0479        9.93629
9.52814        9.48714
19.2682        19.1259
16.1892        16.0955
19.8648        19.6685
19.8914        19.7462
16.9367         16.578
16.1771        16.0606
12.7743         12.723
8.28584        8.25251
14.4379        14.3629
16.7795        16.6473
15.6902        15.5935
