dt: 0.1
initial distance final distance
19.8052        31.2967
12.451        27.3568
15.7018        31.4551
5.66845        5.09713
13.3563        21.2227
16.2465         26.407
8.28821        10.9593
15.297        22.9032
19.0273        29.0177
16.1755        21.6961
18.2614        29.5991
8.74903        16.8492
5.32083        7.82287
17.342        22.3021
17.2738        30.7812
19.2192        28.4128
18.579        28.8991
7.5418        13.3501
6.19966        11.8525
8.61296        17.0596
11.9091        14.2941
17.2994        29.8372
18.6347        29.4432
15.676        27.1384
19.0023        31.5496
6.4263        9.85856
10.3628        15.3902
10.4559        17.1485
16.1734        25.5886
12.9207        24.3938
13.328        21.2602
15.8142          24.39
18.4369        29.6546
19.6984        33.8339
6.41248        11.3612
18.0215        27.7759
10.9645        14.8661
16.846        30.6786
13.3335        16.9674
17.3808        35.0148
10.06        21.7093
18.0098        27.4932
17.2015        29.2068
17.6796        28.4317
12.9031        18.1326
18.2046        27.7257
10.8447         16.448
13.1586        19.5564
19.7505        32.1978
19.7739        32.6164
14.3134        27.1933
15.1477        21.6552
19.9279        29.6014
18.1504        27.7838
17.9076        30.6349
16.1892        25.5977
12.5111        22.4688
14.4234        30.4879
12.945        24.8362
12.6834        22.4551
10.473         20.923
15.1566         28.203
12.3637        21.1528
18.1539        33.8214
18.4708        30.2692
13.3266        23.0654
18.4765        28.4366
18.222        28.5062
15.9686        26.5745
17.0076        24.2914
19.9064        30.2225
19.9488        29.4756
19.1166        29.5549
14.094        20.3984
10.2548        16.5964
14.8872        20.4835
18.1004        29.3507
12.4009        24.2502
15.2579        24.3754
17.2385         27.816
15.6584        23.6974
12.0239         21.789
13.6272        18.7226
12.6208        23.4376
19.4361        31.6226
18.1844        29.3158
9.78472        19.1085
10.2826        19.7349
10.3461        12.3247
16.2748        28.6923
18.2948        30.3032
17.4426        26.6829
17.8037        28.9773
16.4835        25.0496
19.9416        32.4178
19.0318        30.6829
14.8883        25.8452
19.619        29.0932
16.8932        27.9573
13.8891        24.3268
