initial distance final distance
18.4347        4.56708
15.458        116.314
17.493        523.925
10.9949        1.51217
19.3339        5.62827
10.735        1.94863
7.11457        7.32316
13.629        2.37238
14.0066        172.732
17.0371        191.445
13.052        1.83675
18.0598        6.34136
19.2064        108.897
10.0382        3.66948
19.3311        4.42629
9.26833        2.15719
16.4113        4.47894
17.7338        3.37321
18.9243        117.797
7.39294        5.29824
11.4199        5.23431
16.8379          7.106
14.7336        4.37485
10.3033        5.63164
19.2774        5.10222
14.4838        6.24015
18.4553        2.89479
15.2827        447.184
15.5113        452.578
19.5204        3.57987
17.643        6.11305
17.4909        3.25974
13.8208         1.5703
15.5555        1.53649
16.4064         255.65
18.5724        4.31219
11.2642        6.57109
5.18517         3.7546
7.23783        4.01699
11.8717        1.81053
18.7883        3.39639
12.3707        1.20143
15.6385        4.87847
13.0529        5.37775
14.9878        523.316
11.3198        4.46065
16.2573       0.966185
14.123        6.95183
16.3725        5.48545
19.1179        6.73702
12.0514        257.871
11.6768         5.4705
14.9515        1308.81
11.7        2.39134
12.4615        2.87058
17.817        4.42784
17.0637        105.299
9.08471         420.29
18.7673        3.10671
6.74343        6.70465
17.1124        71.2361
15.4652        3.39945
11.009        3470.25
19.7051        5.62376
16.6104        5.40771
18.8935        6.08284
15.3116        6.31476
16.3375        2.95744
15.5052        3.81987
12.4787        5.73687
18.1472        102.798
6.8335        290.455
14.3269        3.85166
10.365        5.00902
17.3695        1302.19
19.9261        5.12059
17.5339        3.25237
9.4686       0.703042
19.8988        6.07911
15.4683        1.71701
8.39695        368.887
6.68203        330.958
14.5356        3.62758
16.1988        5.41066
13.1741        129.076
15.1292        3.98898
11.9125       0.441442
17.999        3.70266
10.8316         4168.6
17.9218        85.0206
16.0606        206.761
17.9382        2.23403
12.4573        4.33223
8.35053          1.769
15.581        1.95798
19.3141        5.92455
14.7967        2.98681
17.8413        114.366
8.70951        2.22963
9.8       0.722297
